20 14 10 4
10   2   7 11 18 25   4 4 5 6   2   5 6 7 9   7 4 7 10   1   3 12 19 26   1   7 8 14 21   2   4 3 5 6   10 8 12 13   1   1 5 10 11   1   10 14 18 24   2   7 7 10 15   8 13 19 22   2   3 7 11 12   8 6 9 12   2   3 4 5 6   8 11 12 13   
12   1   2 4 5 8   2   7 17 18 27   4 4 5 8   2   3 4 5 7   8 6 12 18   1   1 9 10 14   1   10 10 19 29   2   3 14 15 17   4 11 19 20   1   7 13 14 18   1   5 5 9 14   2   5 13 14 18   9 2 5 8   1   1 10 19 28   2   7 6 10 11   8 14 19 21   1   1 9 16 24   
14   2   5 12 14 21   9 4 5 6   1   1 16 19 28   1   1 6 10 13   1   3 12 19 28   2   7 16 18 21   4 3 5 8   2   4 2 5 6   10 11 12 13   2   3 4 5 8   8 10 12 17   1   10 6 10 11   1   5 5 9 14   1   1 5 7 10   2   7 9 10 14   8 10 19 27   1   1 8 10 12   1   10 14 19 23   1   10 13 18 27   
10   1   10 6 10 15   2   5 5 7 9   7 4 7 10   1   7 10 14 15   1   1 9 10 14   1   10 12 18 19   2   3 10 15 21   7 12 13 15   2   10 8 14 15   5 3 7 11   2   3 10 11 14   8 8 9 12   1   9 10 11 12   1   5 4 9 14   
12   1   5 7 9 12   2   5 13 14 16   9 4 5 7   2   7 16 18 27   4 3 5 8   2   3 7 11 15   8 6 9 13   1   1 9 10 14   1   9 5 11 12   1   1 4 7 10   1   7 7 14 16   2   4 2 5 7   10 11 12 14   2   3 9 15 22   4 18 19 24   1   8 16 18 27   1   10 15 19 28   
10   2   3 13 15 22   7 11 13 18   1   3 18 19 26   1   5 6 9 11   1   10 16 19 27   2   3 4 5 7   8 11 12 14   2   7 13 18 26   4 4 5 7   2   8 9 14 15   10 6 9 14   2   4 4 5 7   10 8 12 16   1   10 13 18 24   1   1 5 7 8   
12   1   1 8 10 13   1   10 12 18 27   1   1 3 7 8   1   5 6 9 12   2   8 10 14 17   10 6 9 13   2   7 5 10 11   8 11 19 25   2   3 8 15 16   4 16 19 20   2   10 10 14 20   5 6 7 8   1   8 15 18 23   1   10 11 19 24   1   1 15 19 28   1   1 5 10 14   
11   1   1 9 10 14   1   7 11 14 21   1   1 8 10 14   2   3 10 15 17   4 12 19 20   2   5 12 14 15   9 2 5 8   2   7 16 18 22   4 4 5 7   1   3 9 19 22   1   1 9 19 23   2   4 4 5 7   10 6 12 16   1   5 8 9 11   1   10 17 19 22   
14   2   7 9 10 15   8 11 19 23   2   8 8 14 20   10 6 9 11   1   1 15 19 20   1   10 15 19 25   2   10 10 14 19   5 5 7 10   1   2 4 5 7   2   4 3 5 6   10 8 12 13   2   5 4 7 10   7 5 7 9   1   1 14 16 17   1   1 4 7 10   1   9 9 11 12   1   3 15 19 27   1   1 5 10 14   1   10 9 18 27   
11   1   10 17 19 26   2   10 10 14 15   5 3 7 9   1   8 11 18 19   2   3 9 11 15   8 8 9 12   1   1 5 7 10   1   1 6 10 12   2   5 11 14 17   9 2 5 7   2   3 11 15 19   4 10 19 22   1   10 10 18 19   1   3 15 19 27   1   1 15 19 25   
11   2   5 10 14 15   9 3 5 7   1   1 6 10 12   1   8 13 18 25   2   3 8 15 16   4 18 19 26   2   7 6 10 15   8 17 19 23   2   3 3 5 6   8 6 12 14   2   3 10 11 15   8 8 9 13   2   8 8 14 17   10 8 9 10   1   10 8 10 15   1   9 7 11 13   1   3 16 19 24   
10   1   10 10 19 28   2   3 8 11 15   8 5 9 10   2   5 4 7 8   7 5 7 9   1   1 15 16 17   1   7 7 14 18   2   7 14 18 22   4 4 5 6   2   4 4 5 6   10 7 12 15   1   1 7 10 11   1   8 10 18 25   2   5 8 14 19   9 2 5 8   
11   2   10 12 14 19   5 4 7 9   1   10 10 19 21   2   7 9 10 11   8 17 19 25   2   3 11 15 18   4 16 19 20   1   1 11 19 26   1   8 13 18 21   2   8 8 14 20   10 5 9 12   2   3 5 11 16   8 8 9 11   1   10 10 18 22   2   5 10 14 21   9 2 5 7   1   2 3 5 8   
11   1   1 7 10 11   2   5 5 7 9   7 5 7 8   1   1 9 10 11   1   9 5 11 16   1   7 9 14 21   2   3 7 15 23   7 12 13 20   2   8 10 14 15   10 7 9 14   1   1 9 16 17   2   3 3 5 8   8 10 12 13   2   5 12 14 15   9 3 5 7   1   2 4 5 8   
11   2   5 11 14 16   9 4 5 6   2   5 6 7 8   7 4 7 8   1   7 9 14 17   1   10 8 10 14   2   7 8 10 11   8 13 19 21   2   3 8 15 20   4 10 19 27   2   7 10 18 24   4 3 5 7   1   1 5 7 9   2   3 6 11 12   8 6 9 11   1   1 10 19 25   1   8 9 18 24   
11   1   2 2 5 7   2   7 7 10 11   8 12 19 29   1   10 7 10 13   1   9 6 11 12   1   8 10 18 19   2   10 10 14 19   5 5 7 9   2   5 11 14 19   9 2 5 7   1   1 5 10 11   1   1 14 19 21   2   3 10 15 21   7 12 13 19   2   8 11 14 21   10 7 9 10   
13   1   10 8 10 11   2   5 7 14 15   9 4 5 6   1   5 8 9 10   1   10 12 19 24   1   1 8 10 11   2   3 4 5 6   8 11 12 16   1   2 3 5 6   2   10 8 14 20   5 6 7 9   1   1 7 10 12   2   8 8 14 21   10 6 9 10   2   3 14 15 20   7 10 13 15   1   1 11 16 18   1   7 9 14 15   
11   2   3 14 15 18   7 12 13 19   1   2 2 5 6   1   10 17 19 24   1   3 15 19 26   1   8 14 18 27   1   1 3 7 11   1   5 7 9 11   1   7 7 14 16   2   7 16 18 23   4 2 5 7   1   1 8 10 11   2   5 7 14 19   9 4 5 7   
10   2   7 6 10 12   8 12 19 21   1   2 2 5 7   2   3 10 11 14   8 6 9 14   1   9 8 11 15   2   4 3 5 8   10 11 12 15   1   10 15 18 25   2   7 9 18 23   4 2 5 6   2   8 10 14 17   10 4 9 13   2   3 2 5 6   8 10 12 17   1   10 16 19 20   
10   1   10 14 18 27   1   10 8 10 13   1   7 11 14 15   1   9 8 11 16   2   3 13 15 16   7 11 13 18   1   2 4 5 7   2   8 13 14 20   10 7 9 10   2   3 3 5 7   8 6 12 18   1   5 4 9 14   1   1 9 16 23   
