10 15 15 4
15   4   2 6 8 11   6 2 3 5   7 1 2 3   9 4 5 7   2   9 3 7 10   1 1 2 3   5   7 3 4 6   1 2 4 5   9 1 2 3   2 6 7 9   10 2 4 5   2   1 1 2 3   8 1 2 3   3   7 3 5 6   3 5 8 9   5 5 8 12   5   1 1 3 4   8 6 8 11   2 2 5 7   3 4 8 9   10 8 9 11   3   5 4 6 8   1 1 2 3   6 1 2 3   5   2 4 5 6   1 8 9 12   9 1 2 3   5 6 7 8   4 4 6 9   2   10 5 6 9   1 1 2 3   2   7 5 9 14   5 5 6 8   2   4 6 8 9   7 1 2 3   5   2 1 2 3   5 4 8 10   4 1 2 3   1 7 8 10   3 4 7 9   3   10 1 2 3   8 7 9 13   4 3 5 8   3   7 2 5 6   3 6 7 10   9 2 3 4   3   9 2 4 6   5 5 8 11   1 1 2 3   
15   5   1 2 3 4   8 5 8 10   2 2 5 6   3 4 8 9   10 8 9 13   5   7 3 4 6   1 2 4 5   9 1 2 3   2 5 7 9   10 3 4 5   3   5 5 6 9   1 1 2 3   6 1 2 3   5   2 1 2 3   5 7 8 10   4 1 2 3   1 5 8 9   3 4 7 9   2   4 4 8 11   7 1 2 3   2   10 4 6 8   1 1 2 3   3   10 1 2 3   8 7 9 13   4 3 5 6   2   7 5 9 12   5 4 6 7   3   7 4 5 7   3 5 7 10   9 2 3 5   3   7 3 5 6   3 4 8 9   5 5 8 11   3   9 3 4 5   5 4 8 12   1 1 2 3   2   9 4 7 8   1 1 2 3   2   1 1 2 3   8 1 2 3   4   2 7 8 9   6 1 3 5   7 1 2 3   9 3 5 7   5   2 2 5 7   1 6 9 11   9 1 2 3   5 5 7 11   4 3 6 9   
15   2   1 1 2 3   8 1 2 3   2   7 8 9 11   5 5 6 8   2   10 4 6 8   1 1 2 3   2   4 6 8 12   7 1 2 3   5   2 1 2 3   5 6 8 11   4 1 2 3   1 6 8 12   3 6 7 8   3   9 3 4 6   5 4 8 10   1 1 2 3   2   9 5 7 11   1 1 2 3   3   7 3 5 6   3 6 7 8   9 1 3 4   5   7 2 4 6   1 2 4 6   9 1 2 3   2 3 7 10   10 2 4 5   4   2 7 8 11   6 2 3 4   7 1 2 3   9 3 5 7   5   1 2 3 4   8 7 8 11   2 2 5 6   3 7 8 12   10 7 9 10   3   10 1 2 3   8 5 9 10   4 4 5 7   5   2 3 5 7   1 6 9 11   9 1 2 3   5 6 7 10   4 3 6 7   3   5 3 6 7   1 1 2 3   6 1 2 3   3   7 2 5 6   3 4 8 11   5 4 8 12   
15   3   5 5 6 7   1 1 2 3   6 1 2 3   5   2 3 5 6   1 7 9 13   9 1 2 3   5 6 7 11   4 5 6 9   5   1 1 3 4   8 7 8 9   2 3 5 8   3 7 8 12   10 4 9 11   5   2 1 2 3   5 7 8 12   4 1 2 3   1 5 8 10   3 6 7 8   2   4 6 8 10   7 1 2 3   2   10 5 6 8   1 1 2 3   3   7 3 5 7   3 6 8 9   5 7 8 11   2   9 6 7 9   1 1 2 3   3   7 3 5 8   3 4 7 10   9 1 3 4   3   9 3 4 6   5 4 8 10   1 1 2 3   4   2 6 8 9   6 2 3 4   7 1 2 3   9 2 5 7   2   1 1 2 3   8 1 2 3   5   7 2 4 6   1 2 4 6   9 1 2 3   2 4 7 11   10 2 4 5   2   7 6 9 14   5 5 6 7   3   10 1 2 3   8 8 9 12   4 2 5 6   
15   3   10 1 2 3   8 4 9 12   4 4 5 6   2   1 1 2 3   8 1 2 3   3   9 3 4 6   5 4 8 9   1 1 2 3   2   9 6 7 8   1 1 2 3   3   7 3 5 7   3 5 8 9   5 7 8 12   5   2 1 2 3   5 4 8 9   4 1 2 3   1 6 8 10   3 5 7 11   3   5 3 6 7   1 1 2 3   6 1 2 3   3   7 4 5 7   3 5 7 11   9 1 3 5   4   2 5 8 11   6 1 3 4   7 1 2 3   9 2 5 7   2   10 4 6 7   1 1 2 3   5   7 3 4 5   1 3 4 5   9 1 2 3   2 3 7 9   10 3 4 6   2   7 5 9 11   5 5 6 7   5   2 4 5 7   1 6 9 13   9 1 2 3   5 4 7 11   4 4 6 9   5   1 2 3 4   8 7 8 11   2 4 5 7   3 5 8 11   10 5 9 12   2   4 6 8 10   7 1 2 3   
15   3   7 4 5 6   3 5 8 12   5 4 8 9   5   1 1 3 4   8 6 8 11   2 3 5 7   3 5 8 10   10 8 9 13   2   7 7 9 13   5 5 6 7   3   5 3 6 9   1 1 2 3   6 1 2 3   5   2 2 5 7   1 5 9 10   9 1 2 3   5 5 7 9   4 4 6 9   2   4 7 8 10   7 1 2 3   2   9 5 7 9   1 1 2 3   5   2 1 2 3   5 4 8 10   4 1 2 3   1 7 8 12   3 4 7 9   5   7 2 4 6   1 2 4 5   9 1 2 3   2 6 7 10   10 2 4 5   4   2 6 8 11   6 2 3 4   7 1 2 3   9 3 5 7   2   1 1 2 3   8 1 2 3   3   7 2 5 8   3 6 7 9   9 1 3 4   2   10 3 6 9   1 1 2 3   3   9 3 4 6   5 5 8 10   1 1 2 3   3   10 1 2 3   8 5 9 11   4 3 5 6   
15   3   5 3 6 7   1 1 2 3   6 1 2 3   3   10 1 2 3   8 8 9 11   4 4 5 7   3   7 3 5 6   3 4 8 11   5 7 8 11   5   1 1 3 5   8 5 8 10   2 4 5 7   3 7 8 10   10 4 9 13   2   1 1 2 3   8 1 2 3   2   9 4 7 11   1 1 2 3   5   2 1 2 3   5 5 8 9   4 1 2 3   1 5 8 9   3 5 7 10   3   7 4 5 8   3 4 7 9   9 2 3 4   5   7 2 4 5   1 2 4 6   9 1 2 3   2 5 7 8   10 2 4 6   3   9 3 4 5   5 5 8 9   1 1 2 3   2   10 5 6 9   1 1 2 3   4   2 7 8 11   6 2 3 5   7 1 2 3   9 4 5 8   2   7 6 9 12   5 5 6 7   2   4 4 8 9   7 1 2 3   5   2 2 5 7   1 4 9 11   9 1 2 3   5 6 7 10   4 4 6 9   
15   5   7 3 4 5   1 2 4 6   9 1 2 3   2 4 7 10   10 3 4 5   3   7 2 5 7   3 6 7 8   9 2 3 5   3   7 3 5 7   3 6 8 9   5 4 8 10   2   1 1 2 3   8 1 2 3   3   5 4 6 9   1 1 2 3   6 1 2 3   5   2 4 5 8   1 6 9 10   9 1 2 3   5 3 7 9   4 4 6 8   3   10 1 2 3   8 8 9 12   4 4 5 7   3   9 3 4 6   5 5 8 12   1 1 2 3   2   9 6 7 10   1 1 2 3   4   2 4 8 9   6 2 3 4   7 1 2 3   9 4 5 7   5   1 2 3 4   8 6 8 11   2 2 5 6   3 6 8 12   10 5 9 11   2   4 4 8 10   7 1 2 3   2   10 4 6 8   1 1 2 3   5   2 1 2 3   5 4 8 10   4 1 2 3   1 6 8 10   3 3 7 8   2   7 5 9 10   5 5 6 9   
15   4   2 5 8 9   6 1 3 4   7 1 2 3   9 2 5 8   3   9 3 4 5   5 6 8 9   1 1 2 3   3   7 4 5 6   3 4 8 9   5 4 8 10   5   7 3 4 5   1 2 4 5   9 1 2 3   2 4 7 9   10 2 4 6   5   2 1 2 3   5 5 8 12   4 1 2 3   1 5 8 11   3 5 7 8   2   4 5 8 12   7 1 2 3   2   9 5 7 8   1 1 2 3   3   10 1 2 3   8 5 9 13   4 4 5 6   5   1 1 3 5   8 7 8 9   2 2 5 7   3 4 8 12   10 8 9 11   2   10 5 6 8   1 1 2 3   5   2 4 5 8   1 6 9 11   9 1 2 3   5 4 7 10   4 5 6 8   3   7 4 5 8   3 5 7 8   9 2 3 5   2   7 6 9 12   5 3 6 9   2   1 1 2 3   8 1 2 3   3   5 4 6 9   1 1 2 3   6 1 2 3   
15   2   1 1 2 3   8 1 2 3   4   2 7 8 10   6 2 3 5   7 1 2 3   9 4 5 8   3   10 1 2 3   8 4 9 12   4 3 5 7   3   7 2 5 6   3 5 8 12   5 5 8 10   3   7 4 5 6   3 6 7 9   9 2 3 4   2   10 3 6 8   1 1 2 3   2   7 8 9 12   5 4 6 8   3   9 2 4 6   5 7 8 11   1 1 2 3   5   7 3 4 5   1 2 4 6   9 1 2 3   2 4 7 9   10 3 4 6   5   2 3 5 6   1 8 9 11   9 1 2 3   5 4 7 9   4 5 6 8   5   1 1 3 4   8 4 8 10   2 4 5 6   3 4 8 9   10 4 9 10   3   5 5 6 9   1 1 2 3   6 1 2 3   5   2 1 2 3   5 6 8 9   4 1 2 3   1 4 8 11   3 4 7 10   2   4 6 8 10   7 1 2 3   2   9 4 7 10   1 1 2 3   
