15 10 8 4
10   4   7 10 15 18   8 6 11 12   4 2 5 7   5 12 19 29   2   3 15 18 22   4 3 5 7   4   8 10 18 19   7 2 3 4   6 10 11 14   3 13 16 18   4   5 6 7 11   2 1 2 3   7 1 2 3   3 11 19 26   2   5 4 6 7   6 2 3 4   3   4 4 5 6   5 1 2 3   8 15 18 19   1   5 1 2 3   1   1 9 17 19   5   5 9 10 12   2 7 10 11   1 6 12 14   8 4 5 6   3 11 14 15   3   7 11 15 21   6 1 2 3   8 18 19 27   
10   4   8 9 18 23   7 2 3 5   6 9 11 13   3 10 16 17   1   1 16 17 23   2   2 1 2 3   4 8 13 18   5   5 6 10 12   2 6 10 13   1 9 12 13   8 3 5 6   3 9 14 20   5   4 10 11 12   1 6 9 12   2 9 18 26   6 11 18 19   3 12 13 14   2   6 9 15 23   7 8 13 14   4   7 9 15 16   8 10 11 15   4 4 5 7   5 11 19 25   4   5 4 7 8   2 1 2 3   7 1 2 3   3 15 19 23   4   4 7 11 15   1 4 7 9   6 11 13 14   8 1 3 4   3   7 12 15 20   6 1 2 3   8 14 19 21   
10   2   3 1 3 4   5 4 5 6   4   5 5 7 8   2 1 2 3   7 1 2 3   3 16 19 25   2   3 9 18 22   4 3 5 7   2   5 4 6 8   6 2 3 5   4   4 9 11 13   1 4 7 9   6 8 13 16   8 2 3 4   3   7 9 15 19   6 1 2 3   8 18 19 23   5   4 6 11 15   1 8 9 10   2 17 18 19   6 14 18 24   3 8 13 17   3   4 4 5 7   5 1 2 3   8 17 18 20   1   1 15 17 19   2   2 1 2 3   4 11 13 15   
10   2   3 9 18 25   4 3 5 6   2   3 2 3 4   5 2 5 7   5   4 7 11 13   1 8 9 12   2 9 18 20   6 15 18 22   3 12 13 18   4   4 8 11 17   1 5 7 10   6 11 13 16   8 2 3 5   2   6 8 15 18   7 8 13 15   4   5 5 7 10   2 1 2 3   7 1 2 3   3 14 19 23   1   5 1 2 3   4   8 14 18 22   7 2 3 4   6 9 11 13   3 10 16 24   1   1 9 17 21   2   5 5 6 9   6 1 3 5   
10   2   6 9 15 16   7 8 13 17   3   7 13 15 16   6 1 2 3   8 17 19 26   1   5 1 2 3   4   7 9 15 17   8 5 11 14   4 3 5 6   5 11 19 27   5   4 10 11 14   1 7 9 12   2 14 18 22   6 16 18 21   3 12 13 20   4   5 4 7 11   2 1 2 3   7 1 2 3   3 14 19 22   3   4 3 5 6   5 1 2 3   8 11 18 25   2   5 4 6 8   6 2 3 5   2   3 2 3 5   5 3 5 8   5   5 7 10 14   2 5 10 13   1 11 12 18   8 3 5 6   3 7 14 16   
10   2   2 1 2 3   4 10 13 14   2   6 14 15 19   7 11 13 18   2   3 14 18 26   4 3 5 7   4   8 16 18 27   7 2 3 5   6 9 11 14   3 15 16 22   5   4 10 11 12   1 5 9 11   2 12 18 22   6 12 18 19   3 7 13 19   5   5 6 10 15   2 8 10 14   1 8 12 16   8 4 5 6   3 10 14 16   4   4 6 11 17   1 6 7 9   6 12 13 19   8 1 3 4   4   7 7 15 16   8 7 11 16   4 3 5 8   5 10 19 25   2   5 5 6 7   6 2 3 4   2   3 2 3 4   5 2 5 6   
10   5   5 7 10 15   2 5 10 14   1 6 12 17   8 4 5 7   3 12 14 17   4   4 7 11 14   1 5 7 10   6 8 13 17   8 2 3 4   2   2 1 2 3   4 8 13 20   1   1 13 17 26   2   6 12 15 22   7 10 13 16   4   5 6 7 8   2 1 2 3   7 1 2 3   3 18 19 28   1   5 1 2 3   5   4 10 11 14   1 5 9 13   2 15 18 21   6 11 18 23   3 8 13 15   2   3 16 18 26   4 3 5 8   3   7 14 15 17   6 1 2 3   8 17 19 28   
10   3   7 14 15 16   6 1 2 3   8 16 19 21   1   1 14 17 19   4   7 11 15 22   8 7 11 12   4 4 5 6   5 14 19 24   2   6 7 15 22   7 9 13 19   5   5 9 10 12   2 5 10 15   1 7 12 16   8 4 5 8   3 13 14 20   4   4 7 11 16   1 5 7 10   6 7 13 16   8 2 3 5   5   4 7 11 13   1 6 9 11   2 11 18 22   6 13 18 25   3 6 13 16   2   2 1 2 3   4 6 13 14   2   3 14 18 24   4 4 5 6   2   3 1 3 4   5 3 5 7   
10   1   1 16 17 20   5   5 7 10 12   2 6 10 15   1 10 12 17   8 4 5 8   3 13 14 19   4   8 14 18 26   7 2 3 4   6 6 11 13   3 12 16 24   3   7 14 15 23   6 1 2 3   8 13 19 26   2   6 12 15 20   7 7 13 14   4   4 10 11 17   1 4 7 8   6 10 13 14   8 2 3 4   1   5 1 2 3   2   2 1 2 3   4 7 13 14   5   4 5 11 14   1 8 9 11   2 11 18 26   6 13 18 25   3 7 13 14   4   7 12 15 16   8 9 11 15   4 3 5 8   5 13 19 20   
10   1   1 9 17 24   2   6 12 15 20   7 6 13 18   3   4 2 5 7   5 1 2 3   8 15 18 25   5   4 8 11 15   1 7 9 10   2 13 18 22   6 10 18 26   3 8 13 14   4   4 10 11 15   1 5 7 11   6 6 13 15   8 1 3 5   2   3 12 18 26   4 2 5 7   2   5 3 6 8   6 2 3 4   3   7 10 15 19   6 1 2 3   8 11 19 28   4   8 14 18 24   7 1 3 5   6 7 11 13   3 10 16 17   5   5 7 10 14   2 5 10 15   1 9 12 17   8 3 5 8   3 7 14 21   
10   2   2 1 2 3   4 11 13 19   3   7 8 15 22   6 1 2 3   8 17 19 28   4   8 13 18 20   7 1 3 5   6 6 11 13   3 10 16 22   2   3 16 18 22   4 4 5 7   2   5 5 6 9   6 1 3 4   1   1 12 17 23   2   3 1 3 4   5 3 5 6   3   4 3 5 7   5 1 2 3   8 17 18 25   5   5 7 10 13   2 9 10 15   1 10 12 14   8 4 5 6   3 10 14 18   5   4 8 11 14   1 6 9 12   2 9 18 25   6 14 18 26   3 12 13 14   
10   4   4 10 11 12   1 5 7 9   6 12 13 17   8 2 3 4   3   4 3 5 8   5 1 2 3   8 9 18 23   4   8 13 18 21   7 2 3 4   6 10 11 16   3 15 16 20   1   1 9 17 21   5   4 7 11 16   1 5 9 14   2 16 18 21   6 9 18 24   3 9 13 17   3   7 8 15 19   6 1 2 3   8 14 19 29   1   5 1 2 3   2   3 1 3 4   5 3 5 7   4   7 13 15 20   8 7 11 14   4 2 5 7   5 15 19 24   2   2 1 2 3   4 8 13 16   
10   5   5 6 10 15   2 6 10 14   1 11 12 15   8 3 5 7   3 13 14 16   1   5 1 2 3   2   3 10 18 19   4 3 5 7   4   5 6 7 10   2 1 2 3   7 1 2 3   3 18 19 21   2   6 14 15 19   7 7 13 18   4   8 13 18 26   7 2 3 5   6 10 11 14   3 14 16 21   4   7 14 15 21   8 6 11 17   4 2 5 7   5 16 19 20   5   4 8 11 15   1 5 9 10   2 12 18 23   6 16 18 27   3 9 13 16   2   5 3 6 8   6 2 3 5   4   4 8 11 15   1 4 7 9   6 11 13 17   8 1 3 4   
10   4   8 16 18 22   7 2 3 4   6 6 11 14   3 12 16 19   3   4 4 5 6   5 1 2 3   8 15 18 21   2   2 1 2 3   4 9 13 18   4   5 6 7 10   2 1 2 3   7 1 2 3   3 18 19 21   2   5 5 6 7   6 2 3 4   2   3 12 18 27   4 2 5 6   2   6 11 15 18   7 9 13 15   1   5 1 2 3   5   4 10 11 12   1 4 9 11   2 9 18 25   6 17 18 25   3 8 13 18   1   1 12 17 19   
10   5   5 6 10 12   2 8 10 15   1 6 12 15   8 4 5 7   3 7 14 21   2   5 4 6 7   6 1 3 4   2   6 8 15 16   7 9 13 18   4   7 13 15 18   8 9 11 13   4 3 5 7   5 18 19 25   4   8 15 18 21   7 2 3 4   6 5 11 17   3 9 16 22   1   1 15 17 21   5   4 9 11 12   1 7 9 13   2 12 18 23   6 14 18 21   3 9 13 18   3   4 3 5 7   5 1 2 3   8 16 18 23   2   3 14 18 19   4 4 5 6   4   5 4 7 9   2 1 2 3   7 1 2 3   3 16 19 28   
