20 14 10 4
12   2   2 7 10 13   1 10 11 15   1   8 9 17 20   1   8 8 14 15   1   1 8 10 12   2   2 14 16 22   10 15 18 27   2   9 4 6 9   2 11 12 16   4   7 6 9 13   4 7 11 16   3 5 10 11   1 14 16 23   2   5 18 19 23   1 5 7 10   1   9 10 11 16   1   4 9 16 21   1   2 4 5 6   5   7 6 9 10   9 8 9 10   4 4 6 9   8 8 14 18   6 15 16 19   
13   1   8 11 17 24   2   5 5 6 8   4 6 11 15   2   2 7 10 12   1 8 11 16   2   5 7 9 12   8 6 8 11   2   2 11 16 22   3 8 11 14   4   1 6 8 9   5 11 14 21   10 9 15 21   6 7 12 17   4   6 5 10 14   8 7 15 16   7 4 5 7   2 6 8 9   2   5 9 19 26   1 6 7 8   4   7 5 9 11   4 10 11 14   3 9 10 14   1 8 16 17   1   1 6 10 14   4   1 13 16 23   3 9 11 12   7 16 17 24   4 4 7 10   1   4 11 16 23   4   3 10 11 14   5 7 8 10   7 6 11 13   9 11 17 18   
11   4   6 9 10 15   8 13 15 22   7 4 5 7   2 7 8 11   2   5 6 9 14   8 6 8 10   2   2 15 16 24   10 14 18 19   2   2 6 10 13   1 9 11 16   5   7 5 9 11   9 6 9 11   4 5 6 8   8 7 14 15   6 8 16 21   1   4 12 16 18   2   5 16 19 24   1 5 7 9   1   1 6 10 15   2   5 3 6 8   4 7 11 15   2   2 14 16 20   3 9 11 15   1   3 7 14 17   
11   4   1 7 8 12   5 7 14 17   10 13 15 21   6 8 12 16   2   5 12 19 20   1 3 7 11   4   4 10 11 16   8 8 16 17   9 11 15 20   1 4 6 8   1   8 8 14 19   1   4 10 16 19   1   8 9 17 21   4   1 10 16 23   3 9 11 14   7 12 17 21   4 6 7 10   4   10 5 6 8   8 12 13 20   5 3 5 8   2 6 8 12   1   3 12 14 21   4   7 4 9 11   4 7 11 15   3 5 10 12   1 15 16 24   1   1 8 10 12   
14   1   8 11 17 20   1   4 9 16 24   1   5 4 9 11   4   10 3 6 7   8 8 13 18   5 4 5 7   2 4 8 10   4   1 14 16 23   3 8 11 12   7 15 17 23   4 5 7 9   2   2 11 16 22   10 15 18 22   4   6 8 10 14   8 13 15 22   7 4 5 7   2 4 8 11   1   8 12 14 19   2   5 5 6 9   4 6 11 14   4   2 3 5 8   7 12 13 18   10 5 10 14   5 9 11 14   5   7 8 9 11   9 8 9 12   4 4 6 9   8 11 14 18   6 8 16 24   2   5 6 9 14   8 7 8 12   4   1 6 8 9   5 8 14 17   10 13 15 16   6 6 12 17   2   5 10 19 28   1 4 7 11   
11   4   2 4 5 8   7 7 13 15   10 9 10 14   5 10 11 16   2   2 12 16 22   10 16 18 23   1   1 6 10 11   1   3 10 14 21   1   5 8 9 11   5   7 6 9 11   9 4 9 13   4 5 6 8   8 7 14 18   6 9 16 24   1   8 9 17 19   1   8 12 14 16   1   2 4 5 6   4   6 7 10 14   8 8 15 21   7 4 5 7   2 6 8 11   4   4 10 11 16   8 9 16 22   9 12 15 20   1 4 6 7   
14   1   8 8 14 19   1   8 14 17 26   2   5 8 9 11   8 6 8 9   1   4 14 16 22   1   1 9 10 13   4   2 4 5 7   7 6 13 15   10 9 10 15   5 7 11 14   1   2 3 5 6   2   5 3 6 8   4 7 11 14   5   7 8 9 12   9 6 9 11   4 5 6 9   8 13 14 17   6 9 16 24   4   4 7 11 16   8 10 16 22   9 10 15 23   1 4 6 8   5   2 5 8 10   1 17 19 24   8 9 13 16   6 11 14 20   10 13 18 23   4   6 9 10 12   8 11 15 20   7 3 5 8   2 4 8 9   4   1 8 16 18   3 5 11 15   7 14 17 18   4 5 7 10   2   2 15 16 19   10 16 18 20   
13   1   1 9 10 14   4   10 5 6 8   8 11 13 18   5 3 5 6   2 4 8 12   1   5 4 9 10   4   7 6 9 10   4 10 11 12   3 8 10 12   1 13 16 18   1   9 8 11 14   4   2 3 5 7   7 11 13 19   10 6 10 15   5 9 11 12   4   6 6 10 14   8 14 15 16   7 3 5 8   2 4 8 9   1   2 3 5 8   5   2 6 8 9   1 16 19 26   8 12 13 16   6 10 14 21   10 16 18 20   5   7 6 9 10   9 4 9 11   4 4 6 9   8 8 14 18   6 9 16 24   2   2 5 10 12   1 7 11 16   4   1 14 16 22   3 8 11 15   7 14 17 18   4 5 7 11   2   5 4 6 7   4 6 11 16   
11   1   8 16 17 25   1   2 3 5 6   1   1 6 10 12   1   4 8 16 19   2   5 5 6 9   4 8 11 15   4   7 4 9 11   4 10 11 16   3 8 10 13   1 14 16 17   5   2 7 8 12   1 16 19 23   8 8 13 19   6 8 14 17   10 16 18 24   1   9 10 11 13   2   9 4 6 8   2 10 12 18   2   2 9 10 14   1 10 11 14   2   5 5 9 11   8 7 8 11   
12   1   4 13 16 18   4   4 7 11 14   8 14 16 17   9 13 15 17   1 5 6 9   1   3 10 14 16   4   2 3 5 7   7 9 13 17   10 5 10 12   5 6 11 12   1   9 10 11 13   5   7 5 9 11   9 4 9 12   4 4 6 9   8 7 14 20   6 13 16 19   2   5 3 6 9   4 8 11 17   4   1 12 16 24   3 8 11 14   7 10 17 21   4 5 7 8   2   2 6 10 13   1 7 11 16   2   2 14 16 23   3 6 11 13   4   1 5 8 10   5 12 14 16   10 10 15 20   6 7 12 14   1   1 9 10 13   
10   1   9 8 11 16   1   5 8 9 10   5   2 5 8 9   1 17 19 26   8 9 13 17   6 8 14 20   10 13 18 21   1   4 15 16 24   4   4 5 11 17   8 10 16 17   9 14 15 17   1 5 6 9   2   5 8 9 12   8 4 8 11   4   7 7 9 13   4 9 11 13   3 6 10 13   1 13 16 22   1   3 12 14 21   1   1 8 10 11   4   1 15 16 23   3 6 11 16   7 10 17 26   4 5 7 10   
11   4   10 4 6 9   8 12 13 20   5 3 5 6   2 5 8 10   4   4 10 11 15   8 10 16 23   9 12 15 17   1 4 6 7   1   4 8 16 23   2   9 5 6 8   2 7 12 18   4   6 5 10 13   8 14 15 17   7 2 5 7   2 5 8 12   4   7 7 9 12   4 9 11 12   3 6 10 11   1 12 16 19   1   2 4 5 7   1   8 7 14 15   5   7 5 9 13   9 4 9 14   4 5 6 8   8 8 14 19   6 8 16 24   2   5 3 6 7   4 8 11 13   2   2 14 16 18   10 10 18 23   
11   1   2 2 5 8   1   3 11 14 17   2   9 5 6 8   2 10 12 15   1   5 7 9 11   4   2 4 5 7   7 9 13 16   10 6 10 13   5 8 11 16   4   1 9 16 23   3 6 11 14   7 12 17 23   4 6 7 8   2   2 6 10 12   1 6 11 13   1   8 16 17 20   2   5 13 19 29   1 4 7 10   1   1 7 10 13   4   7 5 9 11   4 8 11 13   3 6 10 13   1 13 16 22   
10   4   3 10 11 12   5 5 8 11   7 7 11 17   9 11 17 22   1   1 8 10 11   2   2 10 16 18   10 15 18 21   2   2 7 10 13   1 6 11 16   4   6 6 10 15   8 13 15 22   7 4 5 6   2 7 8 11   4   4 6 11 15   8 14 16 21   9 10 15 17   1 5 6 9   1   4 11 16 18   4   1 12 16 20   3 7 11 12   7 12 17 25   4 6 7 10   4   7 4 9 12   4 7 11 13   3 7 10 11   1 12 16 19   2   2 13 16 23   3 8 11 16   
12   1   1 6 10 12   4   4 10 11 12   8 10 16 20   9 8 15 19   1 5 6 8   4   2 2 5 7   7 10 13 15   10 5 10 15   5 8 11 12   5   2 7 8 11   1 17 19 22   8 9 13 16   6 11 14 18   10 15 18 19   2   5 4 6 7   4 6 11 14   2   9 5 6 9   2 7 12 14   1   2 4 5 6   4   10 4 6 9   8 9 13 15   5 3 5 8   2 7 8 12   1   4 14 16 23   2   2 9 16 21   3 8 11 16   2   2 9 10 13   1 7 11 16   4   6 8 10 11   8 13 15 21   7 2 5 6   2 4 8 10   
14   1   8 15 17 21   4   4 7 11 15   8 11 16 19   9 13 15 17   1 5 6 9   1   3 10 14 15   2   9 3 6 7   2 7 12 16   1   8 10 14 16   4   6 6 10 13   8 10 15 19   7 3 5 6   2 5 8 12   4   7 6 9 12   4 9 11 15   3 8 10 14   1 9 16 24   4   2 3 5 7   7 9 13 19   10 9 10 11   5 5 11 17   4   1 6 8 12   5 7 14 19   10 12 15 19   6 9 12 17   2   2 7 10 15   1 9 11 13   1   4 8 16 21   4   3 6 11 12   5 6 8 9   7 7 11 15   9 9 17 23   2   5 12 19 28   1 5 7 9   4   10 3 6 9   8 11 13 14   5 4 5 6   2 7 8 11   
13   5   2 7 8 10   1 12 19 21   8 11 13 15   6 12 14 17   10 10 18 21   1   9 6 11 15   4   7 6 9 13   4 6 11 16   3 9 10 14   1 14 16 17   1   8 15 17 19   4   10 5 6 9   8 11 13 20   5 3 5 8   2 6 8 9   2   5 5 6 8   4 9 11 13   1   1 9 10 13   4   6 5 10 15   8 14 15 20   7 4 5 6   2 5 8 10   2   2 7 10 15   1 10 11 14   2   2 15 16 20   10 11 18 19   4   1 10 16 19   3 7 11 12   7 13 17 18   4 6 7 8   1   3 10 14 16   2   5 15 19 27   1 5 7 8   
11   5   2 6 8 10   1 11 19 22   8 7 13 17   6 13 14 16   10 12 18 23   5   7 8 9 11   9 5 9 12   4 5 6 9   8 11 14 18   6 10 16 20   2   5 5 6 7   4 7 11 14   4   10 3 6 7   8 10 13 17   5 4 5 8   2 5 8 12   1   3 9 14 15   4   3 9 11 12   5 5 8 9   7 7 11 14   9 14 17 22   1   9 7 11 16   2   2 8 10 12   1 9 11 15   4   2 2 5 7   7 7 13 19   10 9 10 15   5 5 11 16   1   8 7 14 15   4   1 5 8 10   5 9 14 21   10 12 15 21   6 10 12 16   
13   1   3 9 14 19   2   2 8 10 12   1 5 11 15   4   7 8 9 12   4 9 11 16   3 5 10 12   1 14 16 23   2   2 13 16 19   10 16 18 19   2   2 11 16 20   3 6 11 14   4   4 8 11 12   8 14 16 21   9 11 15 22   1 5 6 8   4   1 11 16 18   3 8 11 16   7 15 17 19   4 6 7 10   4   2 4 5 6   7 6 13 18   10 8 10 14   5 10 11 15   4   10 3 6 9   8 10 13 17   5 3 5 7   2 6 8 10   2   5 7 9 10   8 6 8 9   1   2 4 5 8   4   6 7 10 15   8 14 15 23   7 4 5 6   2 4 8 11   1   5 6 9 11   
13   4   1 14 16 19   3 10 11 13   7 16 17 25   4 3 7 8   4   2 3 5 6   7 8 13 18   10 9 10 11   5 10 11 16   4   6 8 10 13   8 11 15 20   7 4 5 7   2 6 8 12   1   3 13 14 17   2   5 3 6 8   4 9 11 16   4   4 10 11 13   8 8 16 22   9 9 15 19   1 5 6 9   1   5 5 9 11   1   1 5 10 12   1   8 13 17 24   2   9 5 6 9   2 11 12 14   5   2 7 8 10   1 11 19 28   8 9 13 19   6 10 14 20   10 17 18 23   2   2 13 16 19   3 5 11 13   2   2 11 16 18   10 12 18 27   
