20 5 5 4
5   2   2 2 4 5   1 8 15 16   2   3 9 18 19   1 10 15 19   1   2 3 4 6   1   4 12 18 26   5   3 5 8 12   5 1 2 3   4 2 5 7   1 4 7 9   2 4 7 9   
5   2   1 1 3 4   5 12 13 18   5   3 4 8 12   5 1 2 3   4 3 5 7   1 4 7 11   2 6 7 10   2   2 3 4 5   1 12 15 22   3   1 4 8 11   5 1 2 3   2 3 5 7   3   1 2 3 4   5 10 13 16   3 1 2 3   
5   5   2 13 18 27   5 1 2 3   4 13 19 24   1 7 9 12   3 1 3 4   1   4 14 18 19   2   4 7 11 14   3 5 9 11   1   2 2 4 5   3   5 6 12 16   3 11 14 17   4 16 19 29   
5   2   2 3 4 5   1 12 15 21   4   4 6 10 14   3 9 10 12   2 9 17 20   5 5 8 10   4   5 16 18 22   3 7 13 20   2 1 2 3   1 4 5 6   5   4 8 10 15   5 10 15 21   1 1 2 3   3 4 9 10   2 10 16 22   2   3 9 15 17   1 4 6 8   
5   3   1 2 3 5   5 8 13 19   3 1 2 3   2   3 17 18 23   1 12 15 19   5   2 11 18 20   5 1 2 3   4 10 19 21   1 8 9 14   3 2 3 4   3   5 11 12 13   3 10 14 19   4 11 19 27   1   4 3 5 7   
5   5   3 5 8 12   5 1 2 3   4 3 5 6   1 6 7 9   2 4 7 10   2   3 16 18 20   1 12 15 21   2   1 11 15 22   5 3 7 9   2   2 6 7 9   1 10 17 20   2   2 3 4 5   1 7 15 19   
5   1   4 3 5 6   2   1 14 15 16   5 4 7 10   2   2 3 4 6   1 9 15 20   3   1 1 3 4   5 10 13 17   3 1 2 3   4   4 4 6 7   2 12 17 24   3 11 15 20   5 6 7 10   
5   4   4 4 6 7   2 13 17 20   3 13 15 20   5 5 7 9   3   3 16 18 26   1 1 2 3   4 10 15 21   4   2 7 14 21   4 11 14 16   3 11 19 21   5 13 15 18   1   2 2 4 6   2   2 4 7 11   1 12 17 18   
5   5   2 10 18 24   5 1 2 3   4 16 19 24   1 7 9 10   3 2 3 4   4   4 5 6 8   2 9 17 24   3 8 15 21   5 3 7 10   3   1 7 8 12   5 1 2 3   2 4 5 6   4   2 11 14 16   4 10 14 21   3 15 19 25   5 10 15 21   2   1 13 17 25   5 8 15 21   
5   2   1 12 15 21   5 6 7 9   4   4 6 10 14   3 8 10 14   2 9 17 18   5 7 8 12   2   3 11 15 19   1 3 6 9   1   4 2 5 6   5   3 15 16 20   5 12 17 22   4 5 10 13   2 7 10 15   1 6 7 10   
5   1   4 9 18 25   3   1 6 8 11   5 1 2 3   2 3 5 6   5   3 4 8 10   5 1 2 3   4 3 5 6   1 6 7 10   2 5 7 9   2   1 9 15 22   5 5 7 11   2   1 8 17 19   5 9 15 20   
5   3   5 6 12 16   3 9 14 20   4 15 19 22   4   4 9 10 13   3 6 10 12   2 12 17 20   5 6 8 11   2   3 8 15 22   1 5 6 8   5   3 4 8 10   5 1 2 3   4 4 5 8   1 4 7 9   2 6 7 8   5   3 14 16 19   5 11 17 26   4 8 10 14   2 5 10 13   1 6 7 10   
5   2   1 12 17 18   5 8 15 20   1   4 17 18 27   4   2 16 17 18   5 9 19 26   4 4 5 7   3 7 12 13   3   3 11 18 25   1 1 2 3   4 12 15 17   3   1 6 8 12   5 1 2 3   2 4 5 6   
5   2   5 1 2 3   3 2 5 7   3   3 14 18 21   1 1 2 3   4 8 15 16   4   4 7 10 11   3 8 10 15   2 15 17 19   5 5 8 10   2   3 14 18 26   1 8 15 21   5   3 6 8 11   5 1 2 3   4 3 5 7   1 5 7 9   2 6 7 10   
5   5   3 6 8 10   5 1 2 3   4 2 5 8   1 4 7 9   2 5 7 11   2   5 1 2 3   3 3 5 8   3   5 8 12 16   3 10 14 21   4 10 19 21   5   3 14 16 18   5 10 17 19   4 5 10 14   2 9 10 15   1 3 7 11   2   1 12 17 22   5 13 15 19   
5   5   4 7 10 11   5 11 15 20   1 1 2 3   3 8 9 11   2 11 16 19   2   4 7 11 13   3 8 9 14   1   2 2 4 6   2   1 9 15 21   5 4 7 9   1   4 4 5 6   
5   5   3 4 8 9   5 1 2 3   4 2 5 6   1 3 7 8   2 5 7 9   4   2 11 14 15   4 11 14 19   3 9 19 22   5 12 15 17   3   3 15 18 20   1 1 2 3   4 13 15 22   2   3 11 15 22   1 3 6 8   5   2 16 18 27   5 1 2 3   4 14 19 25   1 8 9 14   3 2 3 4   
5   1   2 2 4 5   3   1 7 8 9   5 1 2 3   2 3 5 7   2   5 1 2 3   3 3 5 8   2   3 12 18 24   1 8 15 20   2   1 12 15 23   5 5 7 10   
5   3   1 1 3 5   5 11 13 14   3 1 2 3   4   4 4 6 8   2 13 17 24   3 10 15 20   5 6 7 9   4   5 13 18 22   3 9 13 16   2 1 2 3   1 3 5 7   1   4 11 18 27   2   1 2 3 5   5 11 13 19   
5   1   4 4 5 7   2   2 3 4 6   1 13 15 17   1   4 16 18 25   2   1 13 15 18   5 4 7 9   5   4 5 10 11   5 11 15 20   1 1 2 3   3 8 9 11   2 15 16 24   
