15 9 4 4
6   2   3 2 5 8   2 5 7 8   2   1 5 8 9   4 6 8 10   2   1 4 6 9   2 3 5 8   1   3 6 7 9   2   4 4 5 7   2 4 6 9   2   4 2 5 8   1 3 5 6   
5   1   3 5 7 8   2   1 5 6 7   2 4 5 7   1   4 3 6 8   2   4 4 5 8   2 4 6 9   2   1 4 8 10   2 4 6 8   
8   2   4 4 7 10   3 5 9 10   2   3 2 5 6   2 5 7 10   2   4 3 5 6   1 3 5 8   2   1 7 8 9   4 7 8 10   2   1 5 6 9   2 4 5 7   1   4 5 6 9   2   1 7 8 11   2 3 6 8   2   4 8 9 10   3 4 6 8   
7   2   4 4 5 8   1 3 5 8   2   4 5 7 11   3 8 9 12   2   1 4 8 9   4 4 8 12   1   4 4 8 11   2   1 4 8 10   2 5 6 7   2   4 3 5 8   2 5 6 8   1   4 3 6 8   
6   2   3 3 7 8   1 2 5 7   2   4 5 6 8   2 5 7 10   2   4 4 7 8   3 5 9 13   1   3 6 8 10   2   3 3 5 7   2 4 7 10   2   1 6 8 10   2 3 6 8   
9   1   4 3 6 7   2   4 3 5 7   2 3 6 7   1   3 5 8 11   2   3 6 7 11   1 2 5 7   2   4 3 6 7   2 4 7 8   1   4 6 8 12   2   1 7 8 10   2 4 6 8   2   1 4 8 12   4 7 8 9   2   4 3 5 6   1 2 5 8   
5   1   3 5 8 12   2   4 5 7 10   3 4 9 12   2   1 3 6 9   2 3 5 7   2   4 3 6 7   2 5 7 11   1   3 5 7 10   
8   2   3 3 7 11   1 3 5 6   1   3 7 8 11   2   4 5 7 11   3 5 9 12   2   4 3 5 6   1 2 5 7   1   3 6 7 10   1   4 5 8 9   2   4 4 9 11   3 5 6 7   2   1 5 6 7   2 3 5 6   
9   2   3 4 5 6   2 3 7 9   1   4 4 8 11   2   4 3 5 6   2 3 6 9   2   1 5 6 8   2 4 5 7   1   4 5 6 8   2   1 5 8 11   4 6 9 10   2   1 5 8 10   4 7 8 10   2   1 6 8 11   2 3 6 9   1   3 3 7 8   
9   2   1 7 8 10   2 3 6 9   2   1 6 8 10   4 7 8 11   2   1 5 8 9   4 7 9 10   2   4 5 9 11   3 3 6 7   2   1 3 6 8   2 3 5 7   1   3 5 8 9   1   3 3 7 8   1   4 5 6 7   2   4 2 5 6   2 4 6 8   
7   2   1 5 8 12   2 5 6 9   2   1 5 8 11   4 7 8 11   2   1 3 6 9   2 3 5 6   1   3 6 7 10   1   4 3 6 9   1   3 6 8 12   2   4 6 9 14   3 5 6 7   
6   1   4 4 8 12   1   3 4 7 9   2   4 6 7 10   3 5 9 11   2   1 5 6 7   2 2 5 8   1   3 5 8 11   2   1 6 8 11   4 4 8 10   
7   1   4 6 8 10   2   4 7 9 13   3 3 6 9   2   1 5 8 10   4 5 8 9   2   4 5 6 7   2 6 7 10   2   4 5 6 9   2 4 7 11   2   1 6 8 11   2 3 6 8   2   3 6 7 11   1 4 5 6   
7   2   1 3 6 8   2 4 5 6   2   3 3 7 8   1 4 5 8   2   1 6 8 11   4 5 8 11   2   1 7 8 11   2 5 6 9   2   4 4 5 8   1 4 5 7   2   4 3 6 7   2 6 7 8   1   4 3 6 8   
7   1   3 7 8 12   2   1 5 8 9   4 8 9 10   2   4 5 9 10   3 5 6 7   1   3 6 7 11   2   4 3 5 7   2 4 6 8   2   1 6 8 11   2 5 6 7   2   1 5 6 9   2 2 5 6   
