20 14 15 4
12   2   6 4 5 8   2 4 5 6   2   7 7 11 12   6 10 11 15   1   2 4 5 8   4   8 7 10 12   3 11 18 27   4 8 10 14   9 4 7 10   2   7 6 9 11   1 4 7 8   4   1 4 8 12   7 12 14 19   9 8 12 15   4 5 7 11   3   4 6 13 18   8 6 8 9   2 4 6 8   5   3 6 8 12   1 13 19 25   9 11 13 14   10 16 19 22   2 13 16 23   5   2 14 16 18   10 6 9 12   3 11 12 16   4 6 11 16   5 13 15 18   2   9 9 10 13   10 4 5 6   3   7 2 5 6   2 6 8 11   4 6 7 8   4   1 3 6 8   6 11 13 19   5 8 11 14   10 5 7 8   
13   2   7 10 11 14   6 10 11 14   4   2 11 16 22   10 8 9 13   5 8 9 12   8 11 16 23   2   6 4 5 8   2 4 5 6   2   2 9 11 15   1 7 9 11   2   3 9 12 16   7 10 15 23   4   4 5 11 13   10 12 14 21   5 8 10 13   7 8 15 16   4   3 6 8 10   1 8 12 18   5 4 5 8   13 8 11 16   5   3 5 8 10   1 14 19 26   9 7 13 19   10 17 19 21   2 8 16 22   3   4 12 13 17   8 4 8 10   2 5 6 7   4   8 8 10 12   3 12 18 21   4 6 10 15   9 6 7 10   4   1 10 16 20   5 5 11 12   10 11 17 19   3 5 6 8   2   9 5 10 13   10 2 5 6   2   5 7 11 12   2 9 11 12   
11   4   3 5 8 12   1 7 12 17   5 3 5 6   13 9 11 13   2   2 5 11 13   1 6 9 10   2   7 7 9 10   1 5 7 10   2   6 2 5 8   2 3 5 8   4   1 3 6 7   6 12 13 15   5 9 11 12   10 6 7 8   2   9 5 10 12   10 4 5 7   5   3 6 8 12   1 15 19 21   9 8 13 16   10 15 19 20   2 9 16 20   4   8 9 10 15   3 15 18 24   4 6 10 12   9 3 7 10   4   2 11 16 23   10 6 9 10   5 6 9 13   8 10 16 21   2   3 11 12 17   7 11 15 20   2   2 3 5 8   9 18 19 27   
11   4   4 7 11 12   10 12 14 15   5 7 10 13   7 14 15 23   5   3 6 8 10   1 16 19 20   9 9 13 15   10 15 19 29   2 8 16 17   1   5 10 15 18   1   2 3 5 7   2   9 8 10 13   10 2 5 7   2   7 9 11 12   6 8 11 16   4   1 10 16 22   5 10 11 12   10 9 17 21   3 4 6 8   2   10 9 13 15   6 9 11 16   2   2 2 5 7   9 15 19 25   3   4 8 13 19   8 7 8 11   2 4 6 8   4   8 7 10 12   3 17 18 19   4 9 10 12   9 4 7 9   
14   2   7 7 11 17   6 7 11 14   2   9 8 10 14   10 2 5 8   4   5 7 11 15   7 4 8 10   10 9 11 15   2 13 16 21   2   10 12 13 20   6 9 11 15   4   1 13 16 22   5 10 11 12   10 9 17 18   3 5 6 8   2   7 7 9 12   1 4 7 9   4   3 4 8 9   1 9 12 14   5 3 5 6   13 10 11 13   1   2 4 5 6   4   2 13 16 17   10 5 9 12   5 8 9 10   8 12 16 20   3   1 13 15 22   2 13 19 20   9 4 9 12   4   1 5 6 7   6 6 13 19   5 7 11 12   10 5 7 9   2   2 10 11 15   1 7 9 12   4   4 7 11 12   10 13 14 17   5 7 10 13   7 13 15 22   5   3 4 8 10   1 9 19 25   9 11 13 19   10 14 19 22   2 8 16 18   
11   3   1 11 15 23   2 12 19 25   9 6 9 12   2   7 4 9 11   1 6 7 9   4   8 8 10 13   3 12 18 23   4 8 10 15   9 5 7 9   2   2 3 5 6   9 16 19 21   4   5 10 11 16   7 7 8 12   10 8 11 12   2 12 16 21   4   1 5 6 9   6 8 13 16   5 6 11 13   10 4 7 9   2   7 5 11 13   6 5 11 14   1   2 3 5 8   3   7 3 5 6   2 7 8 9   4 4 7 9   4   3 6 8 11   1 6 12 15   5 3 5 6   13 9 11 12   1   5 13 15 18   
14   1   2 4 5 6   2   7 7 11 16   6 9 11 16   2   2 6 11 14   1 4 9 12   2   9 8 10 15   10 2 5 6   4   8 8 10 15   3 13 18 19   4 6 10 13   9 6 7 9   3   1 12 15 21   2 18 19 26   9 5 9 11   3   7 3 5 6   2 5 8 9   4 3 7 10   4   2 12 16 17   10 5 9 12   5 5 9 12   8 15 16 24   4   1 4 6 9   6 12 13 19   5 5 11 16   10 4 7 9   1   5 9 15 20   4   7 9 13 16   10 12 19 21   6 17 18 24   4 5 8 11   4   3 5 8 12   1 6 12 18   5 3 5 8   13 10 11 13   4   1 15 16 21   5 6 11 12   10 13 17 18   3 5 6 9   2   7 6 9 13   1 4 7 11   
13   4   8 9 10 11   3 14 18 25   4 5 10 11   9 6 7 9   2   10 8 13 17   6 6 11 12   4   5 7 11 15   7 7 8 11   10 5 11 12   2 13 16 18   3   4 8 13 15   8 4 8 9   2 5 6 9   5   2 9 16 21   10 5 9 12   3 8 12 14   4 8 11 12   5 14 15 18   3   1 10 15 22   2 12 19 26   9 5 9 13   4   3 5 8 11   1 10 12 18   5 4 5 7   13 6 11 13   3   7 2 5 7   2 4 8 10   4 3 7 11   4   7 9 13 14   10 15 19 22   6 15 18 21   4 7 8 12   4   1 4 6 8   6 10 13 20   5 5 11 17   10 4 7 10   2   6 4 5 7   2 4 5 7   4   1 9 16 17   5 9 11 13   10 11 17 24   3 3 6 7   4   2 14 16 20   10 7 9 11   5 8 9 13   8 12 16 22   
11   2   7 7 11 12   6 9 11 17   3   7 2 5 6   2 5 8 11   4 4 7 11   4   8 9 10 15   3 12 18 20   4 8 10 14   9 4 7 10   2   9 5 10 13   10 4 5 6   4   2 15 16 18   10 5 9 12   5 7 9 10   8 12 16 23   3   4 10 13 18   8 6 8 11   2 3 6 7   4   7 9 13 14   10 17 19 20   6 17 18 24   4 6 8 11   5   2 9 16 23   10 4 9 13   3 6 12 17   4 9 11 15   5 9 15 21   4   1 5 8 10   7 10 14 20   9 8 12 18   4 6 7 11   2   6 3 5 6   2 3 5 7   2   2 10 11 15   1 4 9 11   
12   2   9 7 10 11   10 4 5 6   1   5 14 15 18   2   2 4 5 6   9 17 19 29   3   1 11 15 18   2 16 19 23   9 7 9 14   5   2 12 16 21   10 8 9 12   3 7 12 16   4 8 11 16   5 7 15 18   4   1 3 6 7   6 12 13 14   5 9 11 13   10 6 7 8   4   2 12 16 23   10 5 9 13   5 6 9 14   8 8 16 24   4   1 12 16 24   5 8 11 15   10 12 17 25   3 5 6 8   2   6 3 5 7   2 4 5 6   2   3 10 12 13   7 12 15 18   4   4 8 11 17   10 13 14 19   5 5 10 15   7 14 15 23   4   8 7 10 15   3 10 18 22   4 6 10 15   9 6 7 8   
10   5   2 12 16 18   10 8 9 13   3 10 12 17   4 10 11 15   5 8 15 21   4   5 9 11 13   7 6 8 10   10 9 11 12   2 12 16 20   4   7 12 13 18   10 18 19 21   6 11 18 23   4 7 8 10   2   9 8 10 11   10 4 5 7   1   5 12 15 22   2   2 8 11 16   1 6 9 10   3   4 12 13 15   8 6 8 11   2 5 6 7   2   2 3 5 6   9 15 19 21   4   8 8 10 15   3 10 18 22   4 6 10 12   9 3 7 10   4   1 14 16 17   5 7 11 13   10 16 17 19   3 5 6 9   
11   2   10 7 13 19   6 9 11 16   1   5 10 15 16   2   9 8 10 13   10 3 5 7   4   1 4 8 9   7 7 14 20   9 9 12 16   4 5 7 8   4   3 5 8 12   1 7 12 18   5 4 5 6   13 10 11 13   3   4 9 13 17   8 7 8 9   2 4 6 9   3   7 4 5 7   2 7 8 12   4 4 7 9   1   2 4 5 7   4   1 3 6 9   6 9 13 17   5 5 11 15   10 4 7 10   4   2 12 16 18   10 6 9 10   5 8 9 13   8 14 16 22   2   7 7 9 12   1 4 7 9   
11   3   7 4 5 8   2 6 8 11   4 3 7 8   2   2 2 5 8   9 11 19 26   4   1 5 8 10   7 8 14 19   9 7 12 18   4 4 7 10   4   5 8 11 16   7 6 8 9   10 8 11 12   2 9 16 19   3   1 9 15 21   2 12 19 26   9 7 9 12   4   1 8 16 18   5 9 11 13   10 10 17 20   3 4 6 7   2   6 4 5 6   2 4 5 8   2   7 5 11 12   6 7 11 12   5   3 6 8 11   1 11 19 25   9 11 13 19   10 11 19 25   2 8 16 19   4   8 8 10 14   3 17 18 22   4 9 10 15   9 4 7 10   3   4 7 13 19   8 5 8 9   2 5 6 8   
10   2   5 5 11 16   2 5 11 17   4   8 8 10 12   3 10 18 20   4 5 10 15   9 5 7 9   2   7 5 9 13   1 4 7 10   2   6 4 5 7   2 4 5 7   4   3 5 8 11   1 10 12 17   5 3 5 6   13 10 11 16   1   5 9 15 19   2   9 6 10 14   10 4 5 8   4   1 11 16 19   5 9 11 16   10 13 17 19   3 3 6 8   3   4 6 13 15   8 4 8 10   2 4 6 7   2   3 8 12 16   7 11 15 16   
12   4   8 7 10 11   3 10 18 24   4 6 10 14   9 4 7 11   1   5 13 15 19   3   1 8 15 19   2 11 19 21   9 5 9 14   4   7 11 13 16   10 18 19 22   6 12 18 26   4 6 8 9   4   2 8 16 20   10 4 9 11   5 5 9 10   8 11 16 19   4   1 6 8 12   7 8 14 17   9 8 12 15   4 4 7 11   3   7 3 5 6   2 4 8 11   4 6 7 8   2   10 11 13 16   6 8 11 13   2   9 5 10 14   10 4 5 7   2   3 11 12 17   7 12 15 21   2   6 4 5 7   2 4 5 6   4   3 7 8 11   1 7 12 18   5 3 5 6   13 7 11 13   
14   2   7 8 11 16   6 8 11 17   1   5 12 15 21   2   2 3 5 6   9 15 19 28   4   1 7 8 10   7 12 14 16   9 9 12 18   4 5 7 10   1   2 4 5 7   4   3 4 8 9   1 11 12 17   5 2 5 6   13 7 11 12   3   4 8 13 18   8 7 8 12   2 3 6 8   3   1 12 15 16   2 16 19 25   9 6 9 11   4   4 7 11 12   10 7 14 15   5 8 10 14   7 11 15 19   2   6 4 5 7   2 4 5 7   2   9 5 10 12   10 2 5 7   2   5 10 11 12   2 8 11 15   5   3 5 8 11   1 18 19 21   9 8 13 19   10 11 19 28   2 8 16 18   2   10 9 13 19   6 8 11 15   
13   4   7 9 13 18   10 18 19 24   6 15 18 22   4 5 8 11   5   2 12 16 21   10 8 9 10   3 10 12 15   4 9 11 13   5 8 15 20   3   4 6 13 18   8 6 8 9   2 4 6 8   2   7 7 11 16   6 8 11 15   2   10 11 13 20   6 8 11 13   4   2 14 16 24   10 5 9 13   5 6 9 13   8 11 16 21   4   8 5 10 12   3 15 18 21   4 5 10 14   9 4 7 9   4   3 5 8 9   1 6 12 15   5 3 5 7   13 9 11 15   2   6 4 5 6   2 3 5 7   2   7 8 9 11   1 3 7 10   4   1 10 16 19   5 10 11 15   10 16 17 20   3 5 6 8   2   2 3 5 7   9 16 19 22   5   3 7 8 9   1 12 19 20   9 7 13 16   10 18 19 25   2 9 16 19   
11   4   7 7 13 18   10 13 19 23   6 14 18 22   4 6 8 9   4   1 4 6 7   6 9 13 14   5 6 11 16   10 5 7 11   4   2 8 16 24   10 8 9 10   5 7 9 11   8 14 16 23   2   10 11 13 16   6 9 11 13   2   2 2 5 6   9 17 19 23   2   5 6 11 13   2 5 11 17   5   2 12 16 24   10 8 9 13   3 8 12 16   4 8 11 13   5 13 15 20   2   6 2 5 7   2 3 5 8   3   1 10 15 17   2 12 19 23   9 5 9 14   1   2 4 5 8   4   4 7 11 12   10 12 14 21   5 7 10 15   7 9 15 16   
13   2   2 3 5 7   9 10 19 25   2   6 3 5 6   2 4 5 6   3   4 10 13 16   8 6 8 10   2 5 6 9   2   7 4 9 12   1 6 7 11   2   3 7 12 13   7 7 15 18   1   5 8 15 19   4   1 11 16 20   5 7 11 12   10 12 17 19   3 4 6 8   3   1 11 15 22   2 9 19 29   9 5 9 10   2   10 12 13 15   6 7 11 15   2   2 8 11 15   1 4 9 11   3   7 4 5 6   2 5 8 12   4 5 7 10   4   3 6 8 11   1 6 12 17   5 2 5 6   13 6 11 12   4   5 10 11 15   7 6 8 10   10 6 11 13   2 11 16 20   
13   4   1 13 16 23   5 7 11 12   10 14 17 19   3 4 6 7   3   1 11 15 21   2 9 19 27   9 8 9 14   4   3 4 8 11   1 6 12 14   5 2 5 6   13 8 11 12   2   2 4 5 6   9 13 19 26   4   2 13 16 17   10 8 9 10   5 8 9 10   8 8 16 22   1   5 9 15 16   4   5 10 11 13   7 4 8 12   10 5 11 13   2 13 16 18   4   8 6 10 14   3 16 18 22   4 9 10 14   9 4 7 11   2   7 6 11 14   6 9 11 12   4   1 4 8 9   7 13 14 16   9 6 12 17   4 5 7 10   4   7 8 13 17   10 14 19 29   6 10 18 19   4 7 8 10   2   3 8 12 14   7 11 15 18   2   7 8 9 14   1 5 7 10   
