10 6 2
8 3 2 5 6 7 3 1 2 3 5 3 4 6 6 5 6 7 9 2 4 7 9 3 2 4 6 4 8 10 11 6 5 9 11 1 1 3 4 2 4 4 5 6 5 9 10 11 6 4 7 8 12 5 1 2 3 2 4 7 10 3 1 3 4 1 6 7 10 6 1 2 3 2 2 6 7 8 5 6 7 8 5 4 7 9 10 5 7 10 11 3 1 3 4 2 8 9 11 1 1 3 4 5 2 3 4 6 6 5 8 10 4 6 9 12 1 8 9 12 5 7 8 9 3 1 9 10 11 5 6 9 11 3 7 8 12 
10 3 5 7 8 9 3 2 4 5 1 6 7 8 2 5 1 2 3 3 1 2 3 6 5 1 2 3 2 2 4 5 4 9 10 12 1 1 3 4 3 7 8 10 6 9 10 12 3 1 1 2 3 2 5 6 8 3 1 4 6 1 5 1 3 4 5 2 3 4 6 5 6 7 8 6 4 7 9 3 1 3 4 4 5 6 9 4 3 6 7 8 4 1 3 4 1 3 5 7 6 1 2 3 2 5 5 6 9 6 9 10 11 3 6 1 3 4 1 3 4 6 4 9 10 12 1 6 6 10 14 
7 3 6 4 6 9 5 1 3 4 3 5 9 10 2 3 6 9 11 6 5 9 12 1 4 9 10 15 2 1 7 8 12 6 3 4 6 2 3 1 2 3 2 1 2 3 3 3 1 3 4 5 7 10 11 1 4 5 6 2 4 1 3 4 6 9 10 12 
8 1 6 1 3 4 1 5 1 3 4 5 1 3 5 6 3 6 7 8 2 9 10 11 4 9 10 13 5 4 7 8 2 6 6 9 10 2 1 3 4 4 2 3 5 6 3 8 10 14 4 3 5 6 6 7 9 10 4 6 1 2 3 4 6 9 11 5 4 5 7 3 4 6 9 5 3 7 10 15 1 1 2 4 4 1 3 4 6 9 10 14 5 4 7 9 5 2 4 7 9 5 4 5 7 6 3 5 7 3 1 2 5 4 9 10 13 
9 6 3 1 2 3 6 7 9 12 4 9 10 11 2 8 10 15 5 3 4 5 1 3 5 7 4 5 4 5 7 1 5 7 8 4 3 5 6 2 9 10 13 3 2 4 7 9 5 8 10 14 4 1 3 4 5 4 1 4 6 1 1 2 3 2 6 7 9 3 1 2 3 6 5 7 10 5 4 1 3 5 2 8 10 11 1 7 8 9 6 1 2 4 3 1 2 3 1 5 5 6 7 1 2 2 4 6 2 2 8 9 11 4 5 6 9 5 1 5 6 8 4 1 4 6 5 1 4 5 6 7 9 12 2 4 5 6 
8 5 4 1 3 4 2 5 7 9 5 9 10 13 3 4 6 8 6 1 3 4 3 1 4 6 8 3 4 5 7 5 1 3 4 6 6 1 4 5 1 1 3 4 4 6 9 10 3 2 4 5 2 9 10 15 5 6 8 11 2 6 4 6 9 5 1 3 6 2 5 9 10 14 2 1 3 4 6 6 6 8 12 5 1 4 5 4 5 7 8 1 2 4 6 3 8 9 13 2 5 6 8 4 6 2 4 6 5 4 6 8 1 1 4 5 4 1 3 4 6 1 1 3 4 5 6 10 11 3 1 3 4 4 1 2 3 2 2 4 6 6 3 5 7 
6 5 5 5 6 7 3 4 7 8 4 4 6 7 1 7 8 10 6 6 8 9 4 1 1 2 3 3 4 6 7 2 1 3 4 5 7 10 13 1 1 1 3 4 4 3 7 8 10 4 5 8 12 5 4 5 7 2 5 7 8 2 6 6 8 9 1 2 4 6 6 2 4 5 6 1 3 4 5 5 2 4 5 3 2 4 5 4 7 8 9 6 5 6 9 
8 5 3 8 10 15 4 1 2 3 1 1 2 3 5 8 9 11 2 8 10 13 2 1 6 9 10 5 6 7 9 1 1 3 5 7 2 3 1 3 4 6 7 10 11 3 5 4 5 6 2 1 2 4 6 6 8 11 1 6 7 8 9 1 3 5 6 8 5 3 2 4 5 6 1 4 5 4 6 9 13 2 8 10 13 5 6 8 12 
9 1 4 4 5 6 5 3 5 6 8 1 6 9 11 6 1 2 3 2 9 10 12 4 5 6 8 1 6 3 5 7 6 2 5 9 13 1 7 10 13 6 8 9 13 5 1 3 4 4 1 2 3 3 1 2 3 5 1 5 6 8 3 1 2 5 2 6 10 12 4 6 8 10 6 9 10 14 3 1 5 8 11 4 1 3 4 3 3 5 7 1 4 7 10 13 1 5 2 4 6 1 6 1 2 3 
8 4 1 1 2 3 5 1 2 3 2 8 10 14 6 3 5 6 5 4 4 6 9 1 4 5 6 3 5 9 10 6 1 3 4 2 9 10 15 2 3 5 9 11 5 1 3 4 2 3 1 2 3 1 5 7 10 2 4 6 9 11 3 1 3 4 4 3 5 9 12 5 1 2 3 6 1 2 3 2 5 6 7 1 4 2 4 6 6 3 3 4 6 1 4 5 6 2 7 8 9 6 5 7 9 5 4 6 9 4 3 4 6 
